자료형: feature에 다 넣어놨으니까 target만 바꾸면 됩니다 리스트에 넣으셔야 하고 len 같아야 해요

# 탄소 배출(전기+가스+난방+수송)
4895838, 2723488, 1148202, 951830, 1601897, 1748815, 984288, 1378098, 1006278, 1296936, 757441, 976293, 1680384, 1987948, 967750, 989821, 2093561, 1138653, 1385114, 1156614, 1290825, 966897, 1016654, 845734, 1847335

#실질 배출량(1번 - 흡수량)
4892571, 2702278, 1140804, 921389, 1593819, 1732062, 979731, 1370827, 1001946, 1263936, 729281, 971075, 1678500, 1935601, 966273, 980995, 2091643, 1132084, 1370325, 1135040, 1285358, 959665, 1014023, 842178, 1846990

#타겟값(차례대로 전기, 가스, 난방, 수송, 흡수량)
1024095,2105893,719291,415589,1108369,786413,602717,893101,768476,697950,410518,575004,1025167,1378843,887817,669038,1406053,720568,623108,658278,754900,516385,617848,556788,1198681
311750,673432,403149,310321,499273,477679,358466,393605,248599,485809,325112,379091,433196,461633,303954,423454,492990,433208,279387,437756,289735,356697,332710,319492,437623
0,123669,23062,0,88405,0,0,7357,0,67752,10712,0,52147,50048,0,0,118787,71883,15094,21021,0,11000,0,9380,23374
389919,1583234,694300,245581,961775,479980,522548,591289,488533,646373,291141,520178,907894,1440125,659502,607570,1189178,629898,799235,414705,465806,480924,442475,454300,1166788
3269,21201,7398,30441,8078,16753,4557,7271,4332,33000,28160,5218,1884,52347,1477,8826,1918,6569,4789,21578,5467,7232,2631,3556,345


#유동 인구
456.26,1034.91,470.59,379.15,744.36,551.88,489.58,609.09,343.32,439.41,364.84,445.94,802.45,740.63,575.98,485.57,1034.91,590.79,415.31,397.74,447.63,336.61,586.89,471.98,616.83
#교통량
46314,163223,57114,41930,95753,65780,75942,92783,74050,77138,51434,59928,91273,156528,72855,49405,129712,83159,99476,60894,44181,54913,73789,71119,111342
#도로율
22.2,28.3,22.8,26.7,29.4,23.8,25.3,26.7,27.5,22.9,23,27.4,24.8,30.8,27,24.4,29.7,27.6,24.3,25,21.3,22.7,25.8,26.4,25.3
#녹지 비율
7.1,11.1,21.2,25.8,17.7,14.2,14.1,18.8,13.8,26.3,23.4,18.4,19.6,21.2,13.5,26.4,28.2,13.5,8.2,26.7,10.9,20.2,14.9,15.5,13.6
#건물 수
10979,60328,33530,37517,50434,34934,30257,39478,26185,43628,26901,30394,38244,47639,24685,38287,59636,35689,34504,32271,13208,30593,25526,27095,38220
#건물 밀도
1110,1527,1393,1563,1225,1455,1782,1484,1565,1246,1264,1598,1664,1013,1667,1556,1769,1928,1494,1076,574,1545,1734,1559,1734
#건물 수/ 천
7.76,11.43,8.84,10.16,10.87,11.59,7.32,9.88,8.67,10.33,8.55,9.36,10.61,9.54,8.67,10.41,10.90,11.16,9.34,9.51,6.54,9.89,7.74,8.94,10.82
#인구
84.4,643.2,297.1,369.7,548.8,404.5,220.3,398,214.1,423.4,230.2,324.2,361,500,284,368.6,546,319,369,338,85.7,309.4,197,220,353

